{
  "advancedEditorSelectedIdentifier" : "ProjectBrowser",
  "openSceneRelativePaths" : [
    "Scene.usda"
  ],
  "recentIdentifiers" : {
    "CBF85C48-C024-4F7D-A63F-6ECAD50EC0FF" : [

    ]
  },
  "sceneCameraHistory" : {
    "CBF85C48-C024-4F7D-A63F-6ECAD50EC0FF" : [
      {
        "date" : 799287781.850239,
        "title" : "Untitled",
        "transform" : [
          0.9982064,
          -1.1433829e-09,
          0.059866518,
          0,
          -0.010849279,
          0.98344177,
          0.18089946,
          0,
          -0.058875233,
          -0.18122451,
          0.9816779,
          0,
          -0.048964016,
          0.11736807,
          0.62240285,
          1
        ]
      },
      {
        "date" : 799287164.239168,
        "title" : "Untitled",
        "transform" : [
          0.9982064,
          -1.1433829e-09,
          0.059866518,
          0,
          -0.010849279,
          0.98344177,
          0.18089946,
          0,
          -0.058875233,
          -0.18122451,
          0.9816779,
          0,
          -0.030328285,
          0.022628576,
          0.606031,
          1
        ]
      },
      {
        "date" : 799287163.238926,
        "title" : "Untitled",
        "transform" : [
          0.9982064,
          -6.7772166e-10,
          0.059866518,
          0,
          -0.01084928,
          0.98344177,
          0.18089946,
          0,
          -0.058875233,
          -0.18122451,
          0.9816779,
          0,
          -0.03032829,
          0.02262856,
          0.606031,
          1
        ]
      },
      {
        "date" : 799287160.982418,
        "title" : "Untitled",
        "transform" : [
          0.9982064,
          -1.1433829e-09,
          0.059866518,
          0,
          -0.010849279,
          0.98344177,
          0.18089946,
          0,
          -0.058875233,
          -0.18122451,
          0.9816779,
          0,
          -0.030328266,
          0.02262856,
          0.606031,
          1
        ]
      },
      {
        "date" : 799286483.410714,
        "title" : "Untitled",
        "transform" : [
          0.9982064,
          -1.1433829e-09,
          0.059866518,
          0,
          -0.010849279,
          0.98344177,
          0.18089946,
          0,
          -0.058875233,
          -0.18122451,
          0.9816779,
          0,
          -0.02610268,
          0.15441683,
          1.1800584,
          1
        ]
      },
      {
        "date" : 799286472.103254,
        "title" : "Untitled",
        "transform" : [
          0.9982064,
          -1.1433829e-09,
          0.059866518,
          0,
          -0.010849279,
          0.98344177,
          0.18089946,
          0,
          -0.058875233,
          -0.18122451,
          0.9816779,
          0,
          -0.008558352,
          -0.022269808,
          1.1484929,
          1
        ]
      },
      {
        "date" : 799285291.328305,
        "title" : "Untitled",
        "transform" : [
          0.9982064,
          -6.883636e-10,
          0.059866518,
          0,
          -0.010849279,
          0.98344177,
          0.18089946,
          0,
          -0.058875233,
          -0.1812245,
          0.98167783,
          0,
          -0.013198676,
          0.091294646,
          0.65808225,
          1
        ]
      },
      {
        "date" : 799285279.701461,
        "title" : "Untitled",
        "transform" : [
          0.9984163,
          2.56465e-09,
          0.05625808,
          0,
          -0.010873239,
          0.98114485,
          0.19296813,
          0,
          -0.05519732,
          -0.19327421,
          0.97959083,
          0,
          -0.013198676,
          0.091294646,
          0.65808225,
          1
        ]
      },
      {
        "date" : 799285229.213226,
        "title" : "Untitled",
        "transform" : [
          0.99978894,
          -7.3173206e-10,
          0.020543108,
          0,
          0.009612173,
          0.8837802,
          -0.46780372,
          0,
          -0.018155595,
          0.46790245,
          0.8835936,
          0,
          0.01431235,
          0.48195368,
          0.4550173,
          1
        ]
      },
      {
        "date" : 799285175.743948,
        "title" : "Untitled",
        "transform" : [
          0.99978894,
          -7.3173206e-10,
          0.020543108,
          0,
          0.009612173,
          0.8837802,
          -0.46780372,
          0,
          -0.018155595,
          0.46790245,
          0.8835936,
          0,
          -0.012068971,
          0.27244517,
          0.5654194,
          1
        ]
      }
    ]
  },
  "sceneViewportBackgroundColors" : {

  },
  "selectedSceneRelativePath" : "Scene.usda"
}