{
  "advancedEditorSelectedIdentifier" : "ProjectBrowser",
  "openSceneRelativePaths" : [

  ],
  "recentIdentifiers" : {
    "64FE9373-5622-4F73-AF02-99B169F431EF" : [

    ]
  },
  "sceneCameraHistory" : {
    "64FE9373-5622-4F73-AF02-99B169F431EF" : [
      {
        "date" : 798787814.109594,
        "title" : "Untitled",
        "transform" : [
          0.9973836,
          -2.2729865e-10,
          0.07229101,
          0,
          0.00980094,
          0.9907669,
          -0.13522147,
          0,
          -0.071623534,
          0.13557619,
          0.9881746,
          0,
          -0.0237629,
          0.6251283,
          2.1689093,
          1
        ]
      },
      {
        "date" : 798787372.586134,
        "title" : "Untitled",
        "transform" : [
          0.99733466,
          -9.308678e-10,
          -0.072962046,
          0,
          -0.02081207,
          0.95845455,
          -0.28448486,
          0,
          0.069930814,
          0.28524512,
          0.9559,
          0,
          -0.012683433,
          0.604156,
          2.0160487,
          1
        ]
      },
      {
        "date" : 798787352.546817,
        "title" : "Untitled",
        "transform" : [
          -0.7091863,
          -5.6942397e-09,
          0.705021,
          0,
          -0.096982636,
          0.9904934,
          -0.09755561,
          0,
          -0.6983187,
          -0.1375599,
          -0.70244443,
          0,
          -0.6353091,
          0.6575601,
          0.39424664,
          1
        ]
      },
      {
        "date" : 798787350.619294,
        "title" : "Untitled",
        "transform" : [
          -0.7091863,
          -5.6942397e-09,
          0.705021,
          0,
          -0.096982636,
          0.9904934,
          -0.09755561,
          0,
          -0.6983187,
          -0.1375599,
          -0.70244443,
          0,
          -0.93051267,
          0.5994088,
          0.09729913,
          1
        ]
      },
      {
        "date" : 798787346.829341,
        "title" : "Untitled",
        "transform" : [
          -0.7944138,
          1.5680333e-05,
          0.60737693,
          0,
          -0.08934852,
          0.98911774,
          -0.11688822,
          0,
          -0.60076916,
          -0.14712586,
          -0.78576744,
          0,
          -0.41805014,
          0.7003574,
          0.61278915,
          1
        ]
      },
      {
        "date" : 798787340.427415,
        "title" : "Untitled",
        "transform" : [
          -0.71774113,
          -3.4679215e-10,
          0.69631004,
          0,
          -0.014632543,
          0.99977916,
          -0.015082904,
          0,
          -0.69615626,
          -0.021014407,
          -0.71758264,
          0,
          -0.41805014,
          0.7003574,
          0.61278915,
          1
        ]
      },
      {
        "date" : 798787278.45788,
        "title" : "Untitled",
        "transform" : [
          1,
          0,
          0,
          0,
          0,
          1,
          0,
          0,
          0,
          0,
          1,
          0,
          -0.03999999,
          0.54000044,
          2,
          1
        ]
      },
      {
        "date" : 798787267.474262,
        "title" : "Untitled",
        "transform" : [
          0.99999547,
          5.153919e-12,
          -0.0030298617,
          0,
          0.00012288995,
          0.99917716,
          0.040559407,
          0,
          0.0030273683,
          -0.040559594,
          0.99917257,
          0,
          -0.019246636,
          0.5387505,
          2.0167577,
          1
        ]
      },
      {
        "date" : 798787264.234016,
        "title" : "Untitled",
        "transform" : [
          0.9999284,
          -1.4781107e-11,
          0.0119708,
          0,
          -0.00048553146,
          0.99917716,
          0.040556747,
          0,
          -0.01196095,
          -0.040559653,
          0.9991056,
          0,
          -0.049481116,
          0.538751,
          2.0162425,
          1
        ]
      },
      {
        "date" : 798787255.602239,
        "title" : "Untitled",
        "transform" : [
          0.9999284,
          -1.4781107e-11,
          0.0119708,
          0,
          -0.00048553146,
          0.99917716,
          0.040556747,
          0,
          -0.01196095,
          -0.040559653,
          0.9991056,
          0,
          -0.40948194,
          0.59370565,
          2.0141647,
          1
        ]
      }
    ],
    "EE021DE5-32B4-442A-897B-E1B2742229D4" : [
      {
        "date" : 799284557.557915,
        "title" : "Untitled",
        "transform" : [
          0.99937254,
          -3.286749e-11,
          -0.03541919,
          0,
          -0.005628734,
          0.98729175,
          -0.15881792,
          0,
          0.034969077,
          0.15891764,
          0.98667234,
          0,
          -0.027372614,
          0.3407863,
          1.0791562,
          1
        ]
      },
      {
        "date" : 798933195.373115,
        "title" : "Untitled",
        "transform" : [
          0.99937254,
          -3.286749e-11,
          -0.03541919,
          0,
          -0.005628734,
          0.98729175,
          -0.15881792,
          0,
          0.034969077,
          0.15891764,
          0.98667234,
          0,
          -0.006647276,
          0.32042584,
          1.081701,
          1
        ]
      },
      {
        "date" : 798868761.388894,
        "title" : "Untitled",
        "transform" : [
          0.9972167,
          -1.5474793e-08,
          0.07455716,
          0,
          0.017864272,
          0.9708703,
          -0.23893891,
          0,
          -0.072385296,
          0.2396058,
          0.96816814,
          0,
          -0.17068109,
          0.39764947,
          1.2277218,
          1
        ]
      },
      {
        "date" : 798868749.331426,
        "title" : "Untitled",
        "transform" : [
          0.9980796,
          -1.5479909e-08,
          -0.061944023,
          0,
          -0.014471174,
          0.97232896,
          -0.23316741,
          0,
          0.060230006,
          0.23361605,
          0.9704617,
          0,
          -0.05730734,
          0.39252484,
          1.2436199,
          1
        ]
      },
      {
        "date" : 798868723.41405,
        "title" : "Untitled",
        "transform" : [
          0.9980796,
          -1.5479909e-08,
          -0.061944023,
          0,
          -0.014471174,
          0.97232896,
          -0.23316741,
          0,
          0.060230006,
          0.23361605,
          0.9704617,
          0,
          -0.05730734,
          0.39252484,
          1.2436199,
          1
        ]
      },
      {
        "date" : 798868713.182264,
        "title" : "Untitled",
        "transform" : [
          0.9995328,
          -1.5556676e-08,
          0.030562278,
          0,
          0.008828394,
          0.9573691,
          -0.28873253,
          0,
          -0.029259345,
          0.2888675,
          0.9569219,
          0,
          -0.34813744,
          0.38544828,
          1.1970959,
          1
        ]
      },
      {
        "date" : 798868692.624132,
        "title" : "Untitled",
        "transform" : [
          0.5118861,
          -1.609763e-08,
          0.8590534,
          0,
          0.48642465,
          0.824245,
          -0.28984705,
          0,
          -0.7080704,
          0.5662334,
          0.42191958,
          0,
          -0.7234715,
          0.6093663,
          0.4718262,
          1
        ]
      },
      {
        "date" : 798868688.699273,
        "title" : "Untitled",
        "transform" : [
          0.9976517,
          4.3063864e-10,
          0.068490386,
          0,
          0.011213304,
          0.98650676,
          -0.16333641,
          0,
          -0.06756623,
          0.16372086,
          0.98419017,
          0,
          -0.028667657,
          0.21119012,
          0.92843884,
          1
        ]
      },
      {
        "date" : 798868686.096809,
        "title" : "Untitled",
        "transform" : [
          1,
          0,
          0,
          0,
          0,
          0.7071069,
          -0.70710677,
          0,
          0,
          0.70710677,
          0.7071069,
          0,
          0.0349888,
          0.7118053,
          0.63208455,
          1
        ]
      }
    ]
  },
  "sceneViewportBackgroundColors" : {

  }
}